0 0 0 0
0 0 1 0.0371812
0 0 2 0
0 0 3 0.934462
0 1 0 0
0 1 1 0
0 1 2 0
0 1 3 0
0 2 0 0.0943034
0 2 1 0
0 2 2 0.122024
0 2 3 0.885981
0 3 0 0
0 3 1 0.00739554
0 3 2 0.899883
0 3 3 0
1 0 0 0
1 0 1 0
1 0 2 0
1 0 3 0
1 1 0 0.0358635
1 1 1 0.997322
1 1 2 0.555526
1 1 3 1
1 2 0 0
1 2 1 0
1 2 2 0
1 2 3 0
1 3 0 0
1 3 1 0.992604
1 3 2 0.100117
1 3 3 0.00225407
2 0 0 0
2 0 1 0
2 0 2 0
2 0 3 0
2 1 0 0
2 1 1 0.00253393
2 1 2 0.444474
2 1 3 0
2 2 0 0
2 2 1 1
2 2 2 0.862127
2 2 3 0.0593546
2 3 0 0
2 3 1 0
2 3 2 0
2 3 3 0
3 0 0 1
3 0 1 0.962819
3 0 2 1
3 0 3 0.065538
3 1 0 0.964137
3 1 1 0.000144078
3 1 2 0
3 1 3 0
3 2 0 0.905697
3 2 1 0
3 2 2 0.0158491
3 2 3 0.0546646
3 3 0 1
3 3 1 0
3 3 2 0
3 3 3 0.997746
