0 0 0 0
0 0 1 0.0466048
0 0 2 0
0 0 3 0.485418
0 1 0 0
0 1 1 0
0 1 2 0
0 1 3 0
0 2 0 0
0 2 1 0
0 2 2 0
0 2 3 0
0 3 0 0.13211
0 3 1 0.00340454
0 3 2 0.00463341
0 3 3 0.905699
1 0 0 0
1 0 1 0
1 0 2 0
1 0 3 0
1 1 0 0.0106357
1 1 1 0.998724
1 1 2 0.538073
1 1 3 0.993277
1 2 0 0
1 2 1 0
1 2 2 0
1 2 3 0
1 3 0 0
1 3 1 0.996595
1 3 2 0
1 3 3 0
2 0 0 0
2 0 1 0
2 0 2 0
2 0 3 0
2 1 0 0
2 1 1 0.00127597
2 1 2 0.4451
2 1 3 0
2 2 0 0.143889
2 2 1 0.995793
2 2 2 0.980741
2 2 3 0
2 3 0 0
2 3 1 0
2 3 2 0
2 3 3 0
3 0 0 1
3 0 1 0.953395
3 0 2 1
3 0 3 0.514582
3 1 0 0.989364
3 1 1 0
3 1 2 0.0168273
3 1 3 0.00672325
3 2 0 0.856111
3 2 1 0.0042065
3 2 2 0.0192594
3 2 3 1
3 3 0 0.86789
3 3 1 0
3 3 2 0.995367
3 3 3 0.0943014
