0 0 0 0.0246347
0 0 1 0.0271737
0 0 2 0.373972
0 0 3 0.457298
0 1 0 0.115505
0 1 1 0.266674
0 1 2 0.175299
0 1 3 0.474558
0 2 0 0.343888
0 2 1 0.417685
0 2 2 0.438775
0 2 3 0.302307
0 3 0 0.0386992
0 3 1 0.260584
0 3 2 0.0458371
0 3 3 0.46843
1 0 0 0.250019
1 0 1 0.606448
1 0 2 0.325426
1 0 3 0.292302
1 1 0 0.111724
1 1 1 0.292934
1 1 2 0.566858
1 1 3 0.293675
1 2 0 0.436003
1 2 1 0.335091
1 2 2 0.0920084
1 2 3 0.0635505
1 3 0 0.716591
1 3 1 0.165107
1 3 2 0.366451
1 3 3 0.238745
2 0 0 0.605588
2 0 1 0.0231832
2 0 2 0.0806225
2 0 3 0.211782
2 1 0 0.342401
2 1 1 0.0326959
2 1 2 0.132649
2 1 3 0.010747
2 2 0 0.171165
2 2 1 0.019216
2 2 2 0.291752
2 2 3 0.399519
2 3 0 0.154835
2 3 1 0.50495
2 3 2 0.534437
2 3 3 0.247705
3 0 0 0.119758
3 0 1 0.343195
3 0 2 0.21998
3 0 3 0.0386182
3 1 0 0.43037
3 1 1 0.407696
3 1 2 0.125195
3 1 3 0.22102
3 2 0 0.0489433
3 2 1 0.228008
3 2 2 0.177464
3 2 3 0.234624
3 3 0 0.0898747
3 3 1 0.0693581
3 3 2 0.0532752
3 3 3 0.0451204
