0 0 0 0.520296
0 0 1 0
0 0 2 0.0184404
0 0 3 0.315217
0 1 0 0.436664
0 1 1 0.272528
0 1 2 0.440033
0 1 3 0.437832
0 2 0 0.597622
0 2 1 0.159293
0 2 2 0
0 2 3 0.038519
0 3 0 0.0225477
0 3 1 0.235493
0 3 2 0.440272
0 3 3 0.187906
1 0 0 0
1 0 1 0.208461
1 0 2 0.744136
1 0 3 0.333307
1 1 0 0.298861
1 1 1 0.498625
1 1 2 0.196467
1 1 3 0.185662
1 2 0 0.287133
1 2 1 0.362276
1 2 2 0.704118
1 2 3 0.182646
1 3 0 0.511173
1 3 1 0
1 3 2 0.182705
1 3 3 0.221226
2 0 0 0.107691
2 0 1 0.376595
2 0 2 0.170637
2 0 3 0.351476
2 1 0 0
2 1 1 0
2 1 2 0.234499
2 1 3 0.0674123
2 2 0 0.00985035
2 2 1 0.138897
2 2 2 0.00767776
2 2 3 0.609291
2 3 0 0.33707
2 3 1 0.486492
2 3 2 0.298952
2 3 3 0
3 0 0 0.372013
3 0 1 0.414944
3 0 2 0.0667861
3 0 3 0
3 1 0 0.264475
3 1 1 0.228847
3 1 2 0.129
3 1 3 0.309094
3 2 0 0.105394
3 2 1 0.339534
3 2 2 0.288205
3 2 3 0.169545
3 3 0 0.12921
3 3 1 0.278015
3 3 2 0.0780713
3 3 3 0.590868
