0 0 0 0.16984
0 0 1 0.209791
0 0 2 0.0412164
0 0 3 0.523994
0 1 0 0.276497
0 1 1 0.24614
0 1 2 0.555319
0 1 3 0.270191
0 2 0 0.0892806
0 2 1 0.235615
0 2 2 0.0929942
0 2 3 0
0 3 0 0.551306
0 3 1 0.0881712
0 3 2 0.0306517
0 3 3 0.327252
1 0 0 0
1 0 1 0.306383
1 0 2 0.424531
1 0 3 0.159667
1 1 0 0.176587
1 1 1 0.279271
1 1 2 0.0775539
1 1 3 0.110645
1 2 0 0.457563
1 2 1 0.486575
1 2 2 0.622922
1 2 3 0.392785
1 3 0 0.219752
1 3 1 0.278104
1 3 2 0
1 3 3 0.269878
2 0 0 0.586523
2 0 1 0.363103
2 0 2 0.0142478
2 0 3 0.31634
2 1 0 0.239746
2 1 1 0.12953
2 1 2 0.330961
2 1 3 0.248968
2 2 0 0.141276
2 2 1 0.252554
2 2 2 0
2 2 3 0.387364
2 3 0 0.190086
2 3 1 0.217099
2 3 2 0.760958
2 3 3 0.40287
3 0 0 0.243637
3 0 1 0.120722
3 0 2 0.520005
3 0 3 0
3 1 0 0.30717
3 1 1 0.345058
3 1 2 0.0361663
3 1 3 0.370196
3 2 0 0.311881
3 2 1 0.0252559
3 2 2 0.284084
3 2 3 0.219852
3 3 0 0.0388554
3 3 1 0.416627
3 3 2 0.20839
3 3 3 0
