0 0 0 0.0578921
0 0 1 0.272291
0 0 2 0.279454
0 0 3 0.0483214
0 1 0 0.334224
0 1 1 0.14943
0 1 2 0.461233
0 1 3 0.127942
0 2 0 0.372767
0 2 1 0
0 2 2 0.214726
0 2 3 0.452501
0 3 0 0
0 3 1 0.45222
0 3 2 0.385859
0 3 3 0.131829
1 0 0 0.653268
1 0 1 0
1 0 2 0.0333458
1 0 3 0.103511
1 1 0 0.345417
1 1 1 0.153925
1 1 2 0.17898
1 1 3 0.597762
1 2 0 0.0601419
1 2 1 0.195318
1 2 2 0.158873
1 2 3 0.251838
1 3 0 0.239065
1 3 1 0.313614
1 3 2 0.236588
1 3 3 0.209094
2 0 0 0
2 0 1 0.384514
2 0 2 0.443796
2 0 3 0.245114
2 1 0 0
2 1 1 0.447898
2 1 2 0.24297
2 1 3 0.155728
2 2 0 0.160112
2 2 1 0.566045
2 2 2 0.337498
2 2 3 0.231945
2 3 0 0.152019
2 3 1 0.234166
2 3 2 0.357168
2 3 3 0.00593281
3 0 0 0.28884
3 0 1 0.343195
3 0 2 0.243404
3 0 3 0.603053
3 1 0 0.320359
3 1 1 0.248746
3 1 2 0.116817
3 1 3 0.118569
3 2 0 0.406979
3 2 1 0.238637
3 2 2 0.288903
3 2 3 0.0637162
3 3 0 0.608917
3 3 1 0
3 3 2 0.0203843
3 3 3 0.653144
