0 0 0 0.0718155
0 0 1 0.472542
0 0 2 0.134889
0 0 3 0.0648235
0 1 0 0.133452
0 1 1 0.0772468
0 1 2 0.481751
0 1 3 0.0320797
0 2 0 0
0 2 1 0.517277
0 2 2 0.615484
0 2 3 0.162481
0 3 0 0.539724
0 3 1 0
0 3 2 0.501034
0 3 3 0.143916
1 0 0 0.484415
1 0 1 0
1 0 2 0.079421
1 0 3 0.220195
1 1 0 0.463368
1 1 1 0.117601
1 1 2 0.185119
1 1 3 0.120072
1 2 0 0.27247
1 2 1 0.330441
1 2 2 0.113945
1 2 3 0.22029
1 3 0 0.202702
1 3 1 0.484934
1 3 2 0.0416351
1 3 3 0
2 0 0 0.32456
2 0 1 0.0174321
2 0 2 0.13618
2 0 3 0.29938
2 1 0 0.362649
2 1 1 0.646306
2 1 2 0.0386328
2 1 3 0.746212
2 2 0 0.46513
2 2 1 0.036691
2 2 2 0.147087
2 2 3 0.222485
2 3 0 0.0413327
2 3 1 0
2 3 2 0.0564574
2 3 3 0.470664
3 0 0 0.119209
3 0 1 0.510026
3 0 2 0.64951
3 0 3 0.415602
3 1 0 0.0405299
3 1 1 0.158846
3 1 2 0.294498
3 1 3 0.101637
3 2 0 0.2624
3 2 1 0.115591
3 2 2 0.123483
3 2 3 0.394744
3 3 0 0.216242
3 3 1 0.515066
3 3 2 0.400873
3 3 3 0.385419
