0 0 0 0
0 0 1 0.376573
0 0 2 0.523556
0 0 3 0.248531
0 1 0 0
0 1 1 0.149048
0 1 2 0.359601
0 1 3 0.244939
0 2 0 0
0 2 1 0.0548215
0 2 2 0
0 2 3 0.378158
0 3 0 0.0404355
0 3 1 0.296431
0 3 2 0.23306
0 3 3 0.175441
1 0 0 0.336642
1 0 1 0.110185
1 0 2 0.313612
1 0 3 0.26085
1 1 0 0.653278
1 1 1 0
1 1 2 0.604603
1 1 3 0.542123
1 2 0 0.759635
1 2 1 0.276345
1 2 2 0.389229
1 2 3 0.03122
1 3 0 0.660623
1 3 1 0
1 3 2 0.550367
1 3 3 0.65709
2 0 0 0.186745
2 0 1 0.106884
2 0 2 0.0814358
2 0 3 0
2 1 0 0
2 1 1 0.231982
2 1 2 0.0357962
2 1 3 0.172062
2 2 0 0.0864898
2 2 1 0.252501
2 2 2 0.0193797
2 2 3 0.189137
2 3 0 0.00909815
2 3 1 0.195605
2 3 2 0.114272
2 3 3 0.0426265
3 0 0 0.476613
3 0 1 0.406358
3 0 2 0.0813953
3 0 3 0.49062
3 1 0 0.346722
3 1 1 0.618971
3 1 2 0
3 1 3 0.0408761
3 2 0 0.153875
3 2 1 0.416333
3 2 2 0.591391
3 2 3 0.401485
3 3 0 0.289844
3 3 1 0.507965
3 3 2 0.102301
3 3 3 0.124842
