0 0 0 0.175658
0 0 1 0.0207115
0 0 2 0.0484827
0 0 3 0.390504
0 1 0 0.184052
0 1 1 0.316153
0 1 2 0.0481207
0 1 3 0.44761
0 2 0 0.0283216
0 2 1 0.310535
0 2 2 0.0243662
0 2 3 0.188769
0 3 0 0.0883915
0 3 1 0.000244373
0 3 2 0.00211267
0 3 3 0.317381
1 0 0 0.455412
1 0 1 0.507908
1 0 2 0.0189313
1 0 3 0.164852
1 1 0 0.280091
1 1 1 0.188508
1 1 2 0.0498728
1 1 3 0.126263
1 2 0 0.160929
1 2 1 0.358845
1 2 2 0.377763
1 2 3 0.309405
1 3 0 0.616599
1 3 1 0.154787
1 3 2 0.542583
1 3 3 0.207943
2 0 0 0.26865
2 0 1 0.182203
2 0 2 0.81664
2 0 3 0.121644
2 1 0 0.175861
2 1 1 0.307049
2 1 2 0.807996
2 1 3 0.366786
2 2 0 0.295472
2 2 1 0.0869022
2 2 2 0.000832872
2 2 3 0.0733488
2 3 0 0.280457
2 3 1 0.100184
2 3 2 0.401185
2 3 3 0.428326
3 0 0 0.10028
3 0 1 0.289177
3 0 2 0.115946
3 0 3 0.323001
3 1 0 0.359996
3 1 1 0.188291
3 1 2 0.0940101
3 1 3 0.0593409
3 2 0 0.515278
3 2 1 0.243717
3 2 2 0.597038
3 2 3 0.428477
3 3 0 0.0145523
3 3 1 0.744784
3 3 2 0.0541188
3 3 3 0.0463503
