0 0 0 0.114682
0 0 1 0.367912
0 0 2 0.190785
0 0 3 0.272426
0 1 0 0.0391863
0 1 1 0.0663895
0 1 2 0.438607
0 1 3 0.273989
0 2 0 0.0296592
0 2 1 0.162565
0 2 2 0.0158929
0 2 3 0.249484
0 3 0 0.0164423
0 3 1 0.28502
0 3 2 0.0861644
0 3 3 0.243389
1 0 0 0.0653067
1 0 1 0.113101
1 0 2 0.637916
1 0 3 0.321427
1 1 0 0.647756
1 1 1 0.0171826
1 1 2 0.451698
1 1 3 0.620466
1 2 0 0.832516
1 2 1 0.0279573
1 2 2 0.616929
1 2 3 0.176262
1 3 0 0.669665
1 3 1 0.124785
1 3 2 0.56846
1 3 3 0.502975
2 0 0 0.344782
2 0 1 0.0172644
2 0 2 0.0818739
2 0 3 0.000567413
2 1 0 0.114702
2 1 1 0.230857
2 1 2 0.0804103
2 1 3 0.077829
2 2 0 0.058072
2 2 1 0.353275
2 2 2 0.0209325
2 2 3 0.135822
2 3 0 0.0288185
2 3 1 0.122641
2 3 2 0.149243
2 3 3 0.100473
3 0 0 0.475229
3 0 1 0.501723
3 0 2 0.0894257
3 0 3 0.40558
3 1 0 0.198356
3 1 1 0.685571
3 1 2 0.0292851
3 1 3 0.0277159
3 2 0 0.0797528
3 2 1 0.456202
3 2 2 0.346246
3 2 3 0.438433
3 3 0 0.285074
3 3 1 0.467554
3 3 2 0.196133
3 3 3 0.153164
