0 0 0 0.060792
0 0 1 0.160047
0 0 2 0.482007
0 0 3 0.0720327
0 1 0 0.234803
0 1 1 0.275763
0 1 2 0
0 1 3 0.694604
0 2 0 0.18904
0 2 1 0.518613
0 2 2 0.27267
0 2 3 0.742383
0 3 0 0.538025
0 3 1 0
0 3 2 0.0433642
0 3 3 0.187096
1 0 0 0.339869
1 0 1 0.211388
1 0 2 0.135457
1 0 3 0.395804
1 1 0 0.162694
1 1 1 0
1 1 2 0.121173
1 1 3 0.156904
1 2 0 0.0292309
1 2 1 0.192317
1 2 2 0.225283
1 2 3 0.175447
1 3 0 0.0187131
1 3 1 0.291334
1 3 2 0.143025
1 3 3 0.293883
2 0 0 0.136816
2 0 1 0.493016
2 0 2 0.180096
2 0 3 0.191568
2 1 0 0.358831
2 1 1 0.603516
2 1 2 0.506872
2 1 3 0
2 2 0 0.753098
2 2 1 0.0625619
2 2 2 0
2 2 3 0.0821695
2 3 0 0.443262
2 3 1 0.413316
2 3 2 0.469669
2 3 3 0.176926
3 0 0 0.462522
3 0 1 0.135549
3 0 2 0.202441
3 0 3 0.340596
3 1 0 0.243672
3 1 1 0.120721
3 1 2 0.371955
3 1 3 0.148493
3 2 0 0.0286306
3 2 1 0.226508
3 2 2 0.502047
3 2 3 0
3 3 0 0
3 3 1 0.29535
3 3 2 0.343943
3 3 3 0.342094
