0 0 0 0.161032
0 0 1 0.0291834
0 0 2 0.154303
0 0 3 0.199607
0 1 0 0.792187
0 1 1 0.303751
0 1 2 0.341285
0 1 3 0.346075
0 2 0 0.0243557
0 2 1 0.24617
0 2 2 0.299962
0 2 3 0.141927
0 3 0 0.305034
0 3 1 0.18694
0 3 2 0.486568
0 3 3 0.154193
1 0 0 0.180825
1 0 1 0.692362
1 0 2 0
1 0 3 0.0401223
1 1 0 0
1 1 1 0.268714
1 1 2 0.105812
1 1 3 0.121948
1 2 0 0.269261
1 2 1 0.553405
1 2 2 0.502998
1 2 3 0
1 3 0 0.434618
1 3 1 0.0763955
1 3 2 0.13235
1 3 3 0.317228
2 0 0 0.341873
2 0 1 0.215979
2 0 2 0.664673
2 0 3 0.351049
2 1 0 0.143853
2 1 1 0.290283
2 1 2 0.20376
2 1 3 0.373084
2 2 0 0.506381
2 2 1 0.000221362
2 2 2 0.179121
2 2 3 0.0905217
2 3 0 0
2 3 1 0.736664
2 3 2 0.381082
2 3 3 0.157282
3 0 0 0.31627
3 0 1 0.0624758
3 0 2 0.181024
3 0 3 0.409222
3 1 0 0.0639599
3 1 1 0.137252
3 1 2 0.349144
3 1 3 0.158893
3 2 0 0.200002
3 2 1 0.200204
3 2 2 0.0179191
3 2 3 0.767551
3 3 0 0.260348
3 3 1 0
3 3 2 0
3 3 3 0.371298
