0 0 0 0.186342
0 0 1 0
0 0 2 0.43609
0 0 3 0.0737875
0 1 0 0.619044
0 1 1 0.352613
0 1 2 0.0495484
0 1 3 0.278059
0 2 0 0
0 2 1 0.1941
0 2 2 0.225201
0 2 3 0.491775
0 3 0 0.404393
0 3 1 0.437295
0 3 2 0.367771
0 3 3 0.601421
1 0 0 0
1 0 1 0.364192
1 0 2 0.0722749
1 0 3 0.491469
1 1 0 0.0192783
1 1 1 0.167943
1 1 2 0.289929
1 1 3 0.0654689
1 2 0 0.627287
1 2 1 0.272147
1 2 2 0.499632
1 2 3 0.0465879
1 3 0 0.111607
1 3 1 0.371229
1 3 2 0.120426
1 3 3 0.30291
2 0 0 0.74909
2 0 1 0.55362
2 0 2 0.0485836
2 0 3 0.114932
2 1 0 0.329788
2 1 1 0.0608584
2 1 2 0.14949
2 1 3 0.00913692
2 2 0 0.315912
2 2 1 0.414707
2 2 2 0.179488
2 2 3 0.202251
2 3 0 0.0344686
2 3 1 0.191476
2 3 2 0.233769
2 3 3 0
3 0 0 0.0645689
3 0 1 0.0821873
3 0 2 0.443051
3 0 3 0.319812
3 1 0 0.031889
3 1 1 0.418585
3 1 2 0.511033
3 1 3 0.647336
3 2 0 0.0568013
3 2 1 0.119046
3 2 2 0.0956793
3 2 3 0.259386
3 3 0 0.449532
3 3 1 0
3 3 2 0.278034
3 3 3 0.095669
