0 0 0 0.509109
0 0 1 0.0167493
0 0 2 0.164316
0 0 3 0.163059
0 1 0 0.4247
0 1 1 0.161283
0 1 2 0.545826
0 1 3 0.508281
0 2 0 0.454631
0 2 1 0.256738
0 2 2 0.00930402
0 2 3 0.0502158
0 3 0 0.0675798
0 3 1 0.152695
0 3 2 0.280583
0 3 3 0.309883
1 0 0 0.0579747
1 0 1 0.176722
1 0 2 0.683938
1 0 3 0.313214
1 1 0 0.445729
1 1 1 0.475107
1 1 2 0.221218
1 1 3 0.0239781
1 2 0 0.295409
1 2 1 0.477675
1 2 2 0.632286
1 2 3 0.106999
1 3 0 0.488418
1 3 1 0.0165479
1 3 2 0.358376
1 3 3 0.0948411
2 0 0 0.00713076
2 0 1 0.482772
2 0 2 0.0827134
2 0 3 0.464767
2 1 0 0.0149771
2 1 1 0.0201421
2 1 2 0.215477
2 1 3 0.041534
2 2 0 0.0107059
2 2 1 0.0474762
2 2 2 0.0266901
2 2 3 0.690681
2 3 0 0.315861
2 3 1 0.490438
2 3 2 0.341636
2 3 3 0.00574003
3 0 0 0.425786
3 0 1 0.323757
3 0 2 0.0690323
3 0 3 0.0589594
3 1 0 0.114593
3 1 1 0.343468
3 1 2 0.0174798
3 1 3 0.426207
3 2 0 0.239255
3 2 1 0.218111
3 2 2 0.33172
3 2 3 0.152104
3 3 0 0.128141
3 3 1 0.340319
3 3 2 0.019405
3 3 3 0.589535
