0 0 0 0.0185553
0 0 1 0.121176
0 0 2 0.122958
0 0 3 0.205226
0 1 0 0.203262
0 1 1 0.331646
0 1 2 0.0417518
0 1 3 0.186308
0 2 0 0.3011
0 2 1 0.345716
0 2 2 0.376517
0 2 3 0.00670855
0 3 0 0.111132
0 3 1 0.517865
0 3 2 0.499763
0 3 3 0.235523
1 0 0 0.170517
1 0 1 0.560585
1 0 2 0.0596198
1 0 3 0.475471
1 1 0 0.526272
1 1 1 0.569135
1 1 2 0.434578
1 1 3 0.178774
1 2 0 0.121153
1 2 1 0.472119
1 2 2 0.542227
1 2 3 0.124247
1 3 0 0.0728673
1 3 1 0.14205
1 3 2 0.0124996
1 3 3 0.269406
2 0 0 0.428362
2 0 1 0.22861
2 0 2 0.27748
2 0 3 0.244208
2 1 0 0.0538626
2 1 1 0.0418495
2 1 2 0.0406577
2 1 3 0.34457
2 2 0 0.362973
2 2 1 0.153503
2 2 2 0.0796836
2 2 3 0.785683
2 3 0 0.198408
2 3 1 0.337856
2 3 2 0.415085
2 3 3 0.485374
3 0 0 0.382565
3 0 1 0.0896283
3 0 2 0.539942
3 0 3 0.0750943
3 1 0 0.216604
3 1 1 0.0573689
3 1 2 0.483012
3 1 3 0.290349
3 2 0 0.214774
3 2 1 0.0286622
3 2 2 0.00157205
3 2 3 0.0833609
3 3 0 0.617592
3 3 1 0.00222893
3 3 2 0.0726527
3 3 3 0.00969702
