0 0 0 0.489933
0 0 1 0.0765659
0 0 2 0.258057
0 0 3 0.1883
0 1 0 0.370126
0 1 1 0.160407
0 1 2 0.529415
0 1 3 0.53667
0 2 0 0.630423
0 2 1 0
0 2 2 0.00117603
0 2 3 0.387572
0 3 0 0.196267
0 3 1 0.17123
0 3 2 0.0720941
0 3 3 0.0919002
1 0 0 0.0959411
1 0 1 0.649793
1 0 2 0.15761
1 0 3 0
1 1 0 0.621728
1 1 1 0
1 1 2 0.11853
1 1 3 0.128314
1 2 0 0.217224
1 2 1 0.0248588
1 2 2 0.810087
1 2 3 0.135091
1 3 0 0.180775
1 3 1 0.239113
1 3 2 0
1 3 3 0.316366
2 0 0 0.248467
2 0 1 0
2 0 2 0.35919
2 0 3 0.627486
2 1 0 0.00814645
2 1 1 0.561599
2 1 2 0.294046
2 1 3 0.319073
2 2 0 0.152354
2 2 1 0.552858
2 2 2 0.188737
2 2 3 0.366587
2 3 0 0.622958
2 3 1 0.501993
2 3 2 0.0105191
2 3 3 0.203884
3 0 0 0.165659
3 0 1 0.273641
3 0 2 0.225143
3 0 3 0.184215
3 1 0 0
3 1 1 0.277994
3 1 2 0.0580089
3 1 3 0.0159426
3 2 0 0
3 2 1 0.422283
3 2 2 0
3 2 3 0.11075
3 3 0 0
3 3 1 0.0876634
3 3 2 0.917387
3 3 3 0.38785
