0 0 0 0.0565984
0 0 1 0.439884
0 0 2 0.12399
0 0 3 0.238807
0 1 0 0.128694
0 1 1 0.631381
0 1 2 0.0630774
0 1 3 0.348582
0 2 0 0.424523
0 2 1 0.548923
0 2 2 0.864131
0 2 3 0.193017
0 3 0 0.0566116
0 3 1 0.127835
0 3 2 0.014389
0 3 3 0.0995821
1 0 0 0.299996
1 0 1 0.0533387
1 0 2 0.410133
1 0 3 0.088049
1 1 0 0.0117359
1 1 1 0.0250177
1 1 2 0.673006
1 1 3 0.434842
1 2 0 0.393341
1 2 1 0.03847
1 2 2 0.000497936
1 2 3 0.679463
1 3 0 0.546409
1 3 1 0.0859242
1 3 2 0.56801
1 3 3 0.785841
2 0 0 0.313231
2 0 1 0.137542
2 0 2 0.0307868
2 0 3 0.594532
2 1 0 0.640867
2 1 1 0.0813704
2 1 2 0.0210685
2 1 3 0.0508669
2 2 0 0.089226
2 2 1 0.308194
2 2 2 0.0336245
2 2 3 0.113732
2 3 0 0.14261
2 3 1 0.13976
2 3 2 0.361585
2 3 3 0.0883763
3 0 0 0.330174
3 0 1 0.369235
3 0 2 0.435091
3 0 3 0.0786115
3 1 0 0.218703
3 1 1 0.262231
3 1 2 0.242848
3 1 3 0.165709
3 2 0 0.0929102
3 2 1 0.104413
3 2 2 0.101747
3 2 3 0.0137884
3 3 0 0.254369
3 3 1 0.646481
3 3 2 0.0560155
3 3 3 0.0262003
