0 0 0 0.0835362
0 0 1 0.111855
0 0 2 0.0780819
0 0 3 0.0428824
0 1 0 0.110236
0 1 1 0.0169529
0 1 2 0.0768403
0 1 3 0.202658
0 2 0 0.721321
0 2 1 0.230502
0 2 2 0.41874
0 2 3 0.606483
0 3 0 0.113529
0 3 1 0.638963
0 3 2 0.488535
0 3 3 0.50019
1 0 0 0.501024
1 0 1 0.0480002
1 0 2 0.0519177
1 0 3 0.750644
1 1 0 0.0289892
1 1 1 0.446686
1 1 2 0.139991
1 1 3 0.242552
1 2 0 0.0385045
1 2 1 0.132427
1 2 2 0.413312
1 2 3 0.00212872
1 3 0 0.270972
1 3 1 0.0926682
1 3 2 0.475156
1 3 3 0.00247711
2 0 0 0.0784906
2 0 1 0.719213
2 0 2 0.227577
2 0 3 0.196024
2 1 0 0.163557
2 1 1 0.00512224
2 1 2 0.124247
2 1 3 0.48061
2 2 0 0.204448
2 2 1 0.417232
2 2 2 0.145153
2 2 3 0.315253
2 3 0 0.548428
2 3 1 0.0166244
2 3 2 0.0333893
2 3 3 0.21439
3 0 0 0.33695
3 0 1 0.120932
3 0 2 0.642424
3 0 3 0.0104504
3 1 0 0.697218
3 1 1 0.531239
3 1 2 0.658922
3 1 3 0.0741793
3 2 0 0.0357261
3 2 1 0.219839
3 2 2 0.0227953
3 2 3 0.0761353
3 3 0 0.0670718
3 3 1 0.251744
3 3 2 0.00291984
3 3 3 0.282943
