0 0 0 0.11773
0 0 1 0.0919309
0 0 2 0.109591
0 0 3 0.137953
0 1 0 0.121552
0 1 1 0.378509
0 1 2 0.00959115
0 1 3 0.26475
0 2 0 0.159911
0 2 1 0.433401
0 2 2 0.3948
0 2 3 0
0 3 0 0
0 3 1 0.709846
0 3 2 0.410378
0 3 3 0.188158
1 0 0 0.0490683
1 0 1 0.577038
1 0 2 0.176295
1 0 3 0.440443
1 1 0 0.589708
1 1 1 0.539047
1 1 2 0.535717
1 1 3 0
1 2 0 0.306075
1 2 1 0.391881
1 2 2 0.576857
1 2 3 0
1 3 0 0
1 3 1 0.22039
1 3 2 0.0503682
1 3 3 0.152453
2 0 0 0.295263
2 0 1 0.331031
2 0 2 0.164003
2 0 3 0.421604
2 1 0 0.112513
2 1 1 0.00604782
2 1 2 0
2 1 3 0.408794
2 2 0 0.470857
2 2 1 0.118072
2 2 2 0.028343
2 2 3 0.800809
2 3 0 0.521161
2 3 1 0.0697633
2 3 2 0.267848
2 3 3 0.659389
3 0 0 0.537938
3 0 1 0
3 0 2 0.550111
3 0 3 0
3 1 0 0.176227
3 1 1 0.0763962
3 1 2 0.454692
3 1 3 0.326456
3 2 0 0.0631568
3 2 1 0.0566464
3 2 2 0
3 2 3 0.199191
3 3 0 0.478839
3 3 1 0
3 3 2 0.271405
3 3 3 0
