0 0 0 0.498167
0 0 1 0.68448
0 0 2 0.283915
0 0 3 0.388112
0 1 0 0.672168
0 1 1 0.249615
0 1 2 0
0 1 3 0
0 2 0 0.0486197
0 2 1 0
0 2 2 0.0402732
0 2 3 0.377802
0 3 0 0.637238
0 3 1 0.570857
0 3 2 0
0 3 3 0
1 0 0 0.0432287
1 0 1 0.31552
1 0 2 0.505168
1 0 3 0.00946338
1 1 0 0.11988
1 1 1 0.316989
1 1 2 0.103765
1 1 3 0
1 2 0 0.665442
1 2 1 0.76893
1 2 2 0.284328
1 2 3 0.176388
1 3 0 0.0844087
1 3 1 0.286711
1 3 2 0.158745
1 3 3 0.633588
2 0 0 0.0435329
2 0 1 0
2 0 2 0.0340197
2 0 3 0.282508
2 1 0 0.127852
2 1 1 0.335042
2 1 2 0.119553
2 1 3 0.336113
2 2 0 0.229269
2 2 1 0
2 2 2 0.61638
2 2 3 0.368414
2 3 0 0.274279
2 3 1 0.0913155
2 3 2 0.841255
2 3 3 0.172477
3 0 0 0.415071
3 0 1 0
3 0 2 0.176897
3 0 3 0.319916
3 1 0 0.0801
3 1 1 0.0983543
3 1 2 0.776682
3 1 3 0.663887
3 2 0 0.0566688
3 2 1 0.23107
3 2 2 0.0590188
3 2 3 0.0773966
3 3 0 0.00407462
3 3 1 0.051117
3 3 2 0
3 3 3 0.193935
