0 0 0 0.467176
0 0 1 0.624583
0 0 2 0.0973274
0 0 3 0.0278519
0 1 0 0.0411601
0 1 1 0.324265
0 1 2 0.184499
0 1 3 0.180702
0 2 0 0.121756
0 2 1 0.440148
0 2 2 0.506785
0 2 3 0.0818512
0 3 0 0.126481
0 3 1 0.242028
0 3 2 0.232825
0 3 3 0.655902
1 0 0 0.133978
1 0 1 0.185807
1 0 2 0.277448
1 0 3 0.107527
1 1 0 0.416798
1 1 1 0.0721173
1 1 2 0
1 1 3 0.0279728
1 2 0 0.291297
1 2 1 0.237713
1 2 2 0.154281
1 2 3 0
1 3 0 0.703701
1 3 1 0.00949091
1 3 2 0
1 3 3 0.169865
2 0 0 0.357065
2 0 1 0.18961
2 0 2 0.408758
2 0 3 0.473576
2 1 0 0.0766193
2 1 1 0.317628
2 1 2 0.455183
2 1 3 0.19862
2 2 0 0
2 2 1 0.137426
2 2 2 0.0448937
2 2 3 0.764174
2 3 0 0.0962269
2 3 1 0.455422
2 3 2 0.0260139
2 3 3 0.0190687
3 0 0 0.0417814
3 0 1 0
3 0 2 0.216467
3 0 3 0.391045
3 1 0 0.465423
3 1 1 0.28599
3 1 2 0.360318
3 1 3 0.592706
3 2 0 0.586946
3 2 1 0.184713
3 2 2 0.29404
3 2 3 0.153975
3 3 0 0.0735905
3 3 1 0.293059
3 3 2 0.741161
3 3 3 0.155165
