0 0 0 0.243304
0 0 1 0.718165
0 0 2 0
0 0 3 0.428024
0 1 0 0
0 1 1 0.128315
0 1 2 0.0198097
0 1 3 0.214741
0 2 0 0.168973
0 2 1 0.129333
0 2 2 0
0 2 3 0.105568
0 3 0 0.0433243
0 3 1 0.277781
0 3 2 0.0315854
0 3 3 0.409847
1 0 0 0.0362125
1 0 1 0.0664486
1 0 2 0.106505
1 0 3 0.378045
1 1 0 0.426987
1 1 1 0.310799
1 1 2 0.472213
1 1 3 0.0242689
1 2 0 0.104963
1 2 1 0.62517
1 2 2 0.229157
1 2 3 0.699647
1 3 0 0.633183
1 3 1 0.303719
1 3 2 0.172343
1 3 3 0.195828
2 0 0 0.132863
2 0 1 0.215386
2 0 2 0.343908
2 0 3 0.0971297
2 1 0 0.249668
2 1 1 0.46184
2 1 2 0
2 1 3 0.278155
2 2 0 0
2 2 1 0.064329
2 2 2 0.360752
2 2 3 0.103215
2 3 0 0.323493
2 3 1 0.251795
2 3 2 0.687128
2 3 3 0.033799
3 0 0 0.58762
3 0 1 0
3 0 2 0.549586
3 0 3 0.0968014
3 1 0 0.323345
3 1 1 0.0990461
3 1 2 0.507977
3 1 3 0.482835
3 2 0 0.726064
3 2 1 0.181168
3 2 2 0.41009
3 2 3 0.0915705
3 3 0 0
3 3 1 0.166705
3 3 2 0.108943
3 3 3 0.360525
