0 0 0 0.308277
0 0 1 0.258442
0 0 2 0.113094
0 0 3 0.0118315
0 1 0 0.291147
0 1 1 0.125026
0 1 2 0.20472
0 1 3 0.221456
0 2 0 0.339386
0 2 1 0.146019
0 2 2 0.393511
0 2 3 0.201459
0 3 0 0.331778
0 3 1 0.197814
0 3 2 0.157854
0 3 3 0.404793
1 0 0 0.442676
1 0 1 0.193241
1 0 2 0.113228
1 0 3 0.34579
1 1 0 0.623931
1 1 1 0.060692
1 1 2 0.645833
1 1 3 0.637762
1 2 0 0
1 2 1 0.0198344
1 2 2 0.190088
1 2 3 0.403892
1 3 0 0.395438
1 3 1 0.409933
1 3 2 0.615955
1 3 3 0.204174
2 0 0 0.120042
2 0 1 0.199359
2 0 2 0
2 0 3 0.457332
2 1 0 0.0698937
2 1 1 0.251
2 1 2 0.111805
2 1 3 0
2 2 0 0
2 2 1 0.681537
2 2 2 0.237777
2 2 3 0
2 3 0 0.272784
2 3 1 0.133056
2 3 2 0.177821
2 3 3 0.182429
3 0 0 0.129005
3 0 1 0.348958
3 0 2 0.773677
3 0 3 0.185047
3 1 0 0.015028
3 1 1 0.563283
3 1 2 0.0376416
3 1 3 0.140782
3 2 0 0.660614
3 2 1 0.152609
3 2 2 0.178623
3 2 3 0.394649
3 3 0 0
3 3 1 0.259197
3 3 2 0.0483708
3 3 3 0.208604
