0 0 0 0.192098
0 0 1 0.0634312
0 0 2 0.0549678
0 0 3 0.228044
0 1 0 0.75212
0 1 1 0.468174
0 1 2 0.460324
0 1 3 0.0714847
0 2 0 0.0828699
0 2 1 0.153167
0 2 2 0.258777
0 2 3 0.255098
0 3 0 0.468868
0 3 1 0.0854994
0 3 2 0.432505
0 3 3 0.165338
1 0 0 0.104333
1 0 1 0.595424
1 0 2 0.110083
1 0 3 0.0802419
1 1 0 0.00615139
1 1 1 0.241904
1 1 2 0.0858366
1 1 3 0.159935
1 2 0 0.29396
1 2 1 0.716385
1 2 2 0.330766
1 2 3 0.0320909
1 3 0 0.339215
1 3 1 0.113221
1 3 2 0.0790794
1 3 3 0.450595
2 0 0 0.405771
2 0 1 0.317508
2 0 2 0.565135
2 0 3 0.254368
2 1 0 0.152811
2 1 1 0.189564
2 1 2 0.206667
2 1 3 0.46714
2 2 0 0.371576
2 2 1 0.00803575
2 2 2 0.338057
2 2 3 0.0401652
2 3 0 0.0564995
2 3 1 0.780038
2 3 2 0.408013
2 3 3 0.0103026
3 0 0 0.297798
3 0 1 0.0236369
3 0 2 0.269814
3 0 3 0.437347
3 1 0 0.088918
3 1 1 0.100358
3 1 2 0.247172
3 1 3 0.30144
3 2 0 0.251593
3 2 1 0.122411
3 2 2 0.0724006
3 2 3 0.672646
3 3 0 0.135418
3 3 1 0.0212419
3 3 2 0.0804028
3 3 3 0.373765
