0 0 0 0.378209
0 0 1 0.0362287
0 0 2 0.240691
0 0 3 0.0308762
0 1 0 0.801858
0 1 1 0.232141
0 1 2 0.00628381
0 1 3 0.250378
0 2 0 0.0288341
0 2 1 0.199549
0 2 2 0.0613212
0 2 3 0.622415
0 3 0 0.556104
0 3 1 0.371825
0 3 2 0.293707
0 3 3 0.574222
1 0 0 0.120038
1 0 1 0.276019
1 0 2 0.0676575
1 0 3 0.387283
1 1 0 0.00411832
1 1 1 0.15946
1 1 2 0.289849
1 1 3 0.0740416
1 2 0 0.733211
1 2 1 0.0713095
1 2 2 0.555403
1 2 3 0.0720791
1 3 0 0.0737806
1 3 1 0.292113
1 3 2 0.246987
1 3 3 0.289062
2 0 0 0.436063
2 0 1 0.541038
2 0 2 0.0941541
2 0 3 0.477957
2 1 0 0.093179
2 1 1 0.167686
2 1 2 0.233611
2 1 3 0.0864444
2 2 0 0.102798
2 2 1 0.545948
2 2 2 0.280391
2 2 3 0.198284
2 3 0 0.0643944
2 3 1 0.216221
2 3 2 0.16677
2 3 3 0.0120345
3 0 0 0.0656907
3 0 1 0.146715
3 0 2 0.597498
3 0 3 0.103884
3 1 0 0.100845
3 1 1 0.440712
3 1 2 0.470257
3 1 3 0.589136
3 2 0 0.135157
3 2 1 0.183194
3 2 2 0.102885
3 2 3 0.107222
3 3 0 0.305721
3 3 1 0.119841
3 3 2 0.292536
3 3 3 0.124681
