0 0 0 0.0195857
0 0 1 0.197846
0 0 2 0.390212
0 0 3 0.0668574
0 1 0 0.158035
0 1 1 0.256029
0 1 2 0.422815
0 1 3 0.098514
0 2 0 0.400481
0 2 1 0.124549
0 2 2 0.245463
0 2 3 0.357821
0 3 0 0.0444922
0 3 1 0.356381
0 3 2 0.349383
0 3 3 0.213439
1 0 0 0.550816
1 0 1 0.0482253
1 0 2 0.0881792
1 0 3 0.127315
1 1 0 0.491543
1 1 1 0.0981932
1 1 2 0.206875
1 1 3 0.529255
1 2 0 0.158626
1 2 1 0.174364
1 2 2 0.0737499
1 2 3 0.273926
1 3 0 0.274396
1 3 1 0.162912
1 3 2 0.274327
1 3 3 0.276042
2 0 0 0.139854
2 0 1 0.237764
2 0 2 0.387259
2 0 3 0.255448
2 1 0 0.0402119
2 1 1 0.415165
2 1 2 0.289361
2 1 3 0.151298
2 2 0 0.324032
2 2 1 0.321166
2 2 2 0.269579
2 2 3 0.308849
2 3 0 0.0143815
2 3 1 0.324116
2 3 2 0.360612
2 3 3 0.0351999
3 0 0 0.289744
3 0 1 0.516165
3 0 2 0.13435
3 0 3 0.55038
3 1 0 0.310209
3 1 1 0.230613
3 1 2 0.0809489
3 1 3 0.220933
3 2 0 0.116861
3 2 1 0.379921
3 2 2 0.411208
3 2 3 0.0594044
3 3 0 0.66673
3 3 1 0.156591
3 3 2 0.0156778
3 3 3 0.47532
