0 0 0 0.510863
0 0 1 0.100108
0 0 2 0.256784
0 0 3 0.120044
0 1 0 0.434666
0 1 1 0.0312781
0 1 2 0.655203
0 1 3 0.437352
0 2 0 0.582451
0 2 1 0.0457874
0 2 2 0.0311306
0 2 3 0.357721
0 3 0 0.214437
0 3 1 0.0985395
0 3 2 0.0936625
0 3 3 0.094988
1 0 0 0.00543873
1 0 1 0.674665
1 0 2 0.166874
1 0 3 0.0620696
1 1 0 0.478102
1 1 1 0.0807184
1 1 2 0.0951825
1 1 3 0.208863
1 2 0 0.160798
1 2 1 0.113243
1 2 2 0.835954
1 2 3 0.0231227
1 3 0 0.162126
1 3 1 0.194672
1 3 2 0.0631282
1 3 3 0.298153
2 0 0 0.324923
2 0 1 0.0449115
2 0 2 0.274499
2 0 3 0.569383
2 1 0 0.0457735
2 1 1 0.645679
2 1 2 0.199473
2 1 3 0.307179
2 2 0 0.230571
2 2 1 0.497979
2 2 2 0.11341
2 2 3 0.472225
2 3 0 0.598307
2 3 1 0.618426
2 3 2 0.030023
2 3 3 0.0769869
3 0 0 0.158775
3 0 1 0.180316
3 0 2 0.301843
3 0 3 0.248503
3 1 0 0.0414591
3 1 1 0.242325
3 1 2 0.0501411
3 1 3 0.0466058
3 2 0 0.0261802
3 2 1 0.34299
3 2 2 0.0195049
3 2 3 0.146931
3 3 0 0.0251302
3 3 1 0.0883621
3 3 2 0.813186
3 3 3 0.529872
