0 0 0 0.47625
0 0 1 0.465614
0 0 2 0.00600569
0 0 3 0.167892
0 1 0 0.10777
0 1 1 0.0264483
0 1 2 0.16451
0 1 3 0.152395
0 2 0 0.00188066
0 2 1 0.0604639
0 2 2 0.0292338
0 2 3 0.330412
0 3 0 0.205288
0 3 1 0.139649
0 3 2 0.0875794
0 3 3 0.0397612
1 0 0 0.347109
1 0 1 0.20481
1 0 2 0.746256
1 0 3 0.437083
1 1 0 0.271412
1 1 1 0.266228
1 1 2 0.0398975
1 1 3 0.371358
1 2 0 0.256615
1 2 1 0.183768
1 2 2 0.645903
1 2 3 0.460648
1 3 0 0.220844
1 3 1 0.160245
1 3 2 0.308225
1 3 3 0.203534
2 0 0 0.148375
2 0 1 0.280818
2 0 2 0.0137079
2 0 3 0.141886
2 1 0 0.246844
2 1 1 0.365152
2 1 2 0.105836
2 1 3 0.0737312
2 2 0 0.492706
2 2 1 0.0071962
2 2 2 0.0523541
2 2 3 0.174304
2 3 0 0.523711
2 3 1 0.589391
2 3 2 0.216264
2 3 3 0.235925
3 0 0 0.0282653
3 0 1 0.0487572
3 0 2 0.23403
3 0 3 0.253139
3 1 0 0.373974
3 1 1 0.342171
3 1 2 0.689757
3 1 3 0.402516
3 2 0 0.248799
3 2 1 0.748572
3 2 2 0.272509
3 2 3 0.0346355
3 3 0 0.0501565
3 3 1 0.110715
3 3 2 0.387932
3 3 3 0.52078
