0 0 0 0
0 0 1 0.0312735
0 0 2 0.199641
0 0 3 0.610698
0 1 0 0.182832
0 1 1 0.343671
0 1 2 0.0825177
0 1 3 0.405469
0 2 0 0.360335
0 2 1 0.319007
0 2 2 0.520414
0 2 3 0.432736
0 3 0 0
0 3 1 0.264574
0 3 2 0.0963821
0 3 3 0.465664
1 0 0 0.348926
1 0 1 0.449682
1 0 2 0.404561
1 0 3 0.312445
1 1 0 0.00917788
1 1 1 0.323207
1 1 2 0.62561
1 1 3 0.301694
1 2 0 0.197544
1 2 1 0.376306
1 2 2 0.0810984
1 2 3 0.235533
1 3 0 0.628324
1 3 1 0.210883
1 3 2 0.450601
1 3 3 0.178013
2 0 0 0.590352
2 0 1 0.206306
2 0 2 0
2 0 3 0.0532554
2 1 0 0.357411
2 1 1 0.0730901
2 1 2 0.000409942
2 1 3 0.0507058
2 2 0 0.23154
2 2 1 0.124071
2 2 2 0.36281
2 2 3 0.0793777
2 3 0 0.332761
2 3 1 0.460107
2 3 2 0.316666
2 3 3 0.337849
3 0 0 0.0607222
3 0 1 0.312739
3 0 2 0.395797
3 0 3 0.0236015
3 1 0 0.450579
3 1 1 0.260032
3 1 2 0.291463
3 1 3 0.242131
3 2 0 0.210581
3 2 1 0.180615
3 2 2 0.0356778
3 2 3 0.252353
3 3 0 0.0389151
3 3 1 0.0644354
3 3 2 0.13635
3 3 3 0.0184744
