0 0 0 0.430333
0 0 1 0.36353
0 0 2 0.180195
0 0 3 0.175076
0 1 0 0.072328
0 1 1 0.295833
0 1 2 0.175967
0 1 3 0.140485
0 2 0 0.172923
0 2 1 0.511975
0 2 2 0.450336
0 2 3 0.0801018
0 3 0 0.0450637
0 3 1 0.2101
0 3 2 0.305484
0 3 3 0.67435
1 0 0 0.212281
1 0 1 0.200665
1 0 2 0.313829
1 0 3 0.0142677
1 1 0 0.171465
1 1 1 0.0500974
1 1 2 0.185383
1 1 3 0.132989
1 2 0 0.151525
1 2 1 0.129173
1 2 2 0.221763
1 2 3 0.129385
1 3 0 0.67077
1 3 1 0.0867148
1 3 2 0.0144012
1 3 3 0.145104
2 0 0 0.333877
2 0 1 0.215329
2 0 2 0.472725
2 0 3 0.389981
2 1 0 0.322669
2 1 1 0.239952
2 1 2 0.411518
2 1 3 0.00751911
2 2 0 0.0370513
2 2 1 0.126882
2 2 2 0.0200789
2 2 3 0.769582
2 3 0 0.0832407
2 3 1 0.375665
2 3 2 0.00671936
2 3 3 0.093799
3 0 0 0.0235092
3 0 1 0.220476
3 0 2 0.0332516
3 0 3 0.420675
3 1 0 0.433537
3 1 1 0.414117
3 1 2 0.227132
3 1 3 0.719007
3 2 0 0.6385
3 2 1 0.231971
3 2 2 0.307822
3 2 3 0.0209305
3 3 0 0.200926
3 3 1 0.32752
3 3 2 0.673395
3 3 3 0.0867463
