0 0 0 0.439694
0 0 1 0.605364
0 0 2 0.357837
0 0 3 0.426357
0 1 0 0.686265
0 1 1 0.215886
0 1 2 0.00593769
0 1 3 0.000952497
0 2 0 0.0950934
0 2 1 0.0662343
0 2 2 0.00615491
0 2 3 0.296363
0 3 0 0.759856
0 3 1 0.369022
0 3 2 0.0177698
0 3 3 0.0832213
1 0 0 0.114353
1 0 1 0.267816
1 0 2 0.427417
1 0 3 0.0711257
1 1 0 0.0972216
1 1 1 0.339003
1 1 2 0.116208
1 1 3 0.0116954
1 2 0 0.583498
1 2 1 0.668339
1 2 2 0.368721
1 2 3 0.298904
1 3 0 0.024087
1 3 1 0.458065
1 3 2 0.0660769
1 3 3 0.580344
2 0 0 0.0605772
2 0 1 0.0188462
2 0 2 0.0330775
2 0 3 0.24983
2 1 0 0.164203
2 1 1 0.292103
2 1 2 0.130535
2 1 3 0.287634
2 2 0 0.307203
2 2 1 0.0119264
2 2 2 0.571327
2 2 3 0.259098
2 3 0 0.188397
2 3 1 0.16206
2 3 2 0.883242
2 3 3 0.150154
3 0 0 0.385376
3 0 1 0.107973
3 0 2 0.181668
3 0 3 0.252688
3 1 0 0.0523107
3 1 1 0.153007
3 1 2 0.747319
3 1 3 0.699718
3 2 0 0.0142056
3 2 1 0.2535
3 2 2 0.0537969
3 2 3 0.145635
3 3 0 0.02766
3 3 1 0.0108525
3 3 2 0.0329107
3 3 3 0.18628
