0 0 0 0.0258537
0 0 1 0.404199
0 0 2 0.270134
0 0 3 0.0218873
0 1 0 0.167842
0 1 1 0.0161139
0 1 2 0.425206
0 1 3 0.127349
0 2 0 0.232844
0 2 1 0.525789
0 2 2 0.564668
0 2 3 0.0455118
0 3 0 0.412501
0 3 1 0.0645778
0 3 2 0.514937
0 3 3 0.206832
1 0 0 0.435412
1 0 1 0.0151333
1 0 2 0.1019
1 0 3 0.311288
1 1 0 0.382067
1 1 1 0.113685
1 1 2 0.301952
1 1 3 0.0689534
1 2 0 0.104761
1 2 1 0.264124
1 2 2 0.194325
1 2 3 0.302317
1 3 0 0.188463
1 3 1 0.286304
1 3 2 0.194104
1 3 3 0.0236961
2 0 0 0.182407
2 0 1 0.172764
2 0 2 0.203305
2 0 3 0.214057
2 1 0 0.449694
2 1 1 0.670052
2 1 2 0.0339449
2 1 3 0.641698
2 2 0 0.334978
2 2 1 0.158302
2 2 2 0.145493
2 2 3 0.283624
2 3 0 0.0558719
2 3 1 0.0419892
2 3 2 0.129142
2 3 3 0.348974
3 0 0 0.356327
3 0 1 0.407903
3 0 2 0.424661
3 0 3 0.452768
3 1 0 0.000396798
3 1 1 0.200149
3 1 2 0.238897
3 1 3 0.161999
3 2 0 0.327417
3 2 1 0.0517851
3 2 2 0.0955147
3 2 3 0.368546
3 3 0 0.343164
3 3 1 0.607129
3 3 2 0.161817
3 3 3 0.420497
