0 0 0 0.274398
0 0 1 0.667881
0 0 2 0.117983
0 0 3 0.347502
0 1 0 0.030722
0 1 1 0.123165
0 1 2 0.0879301
0 1 3 0.139167
0 2 0 0.0591869
0 2 1 0.127249
0 2 2 0.0783176
0 2 3 0.119547
0 3 0 0.19442
0 3 1 0.303779
0 3 2 0.0996665
0 3 3 0.249959
1 0 0 0.0304315
1 0 1 0.0483656
1 0 2 0.143853
1 0 3 0.371338
1 1 0 0.223294
1 1 1 0.430419
1 1 2 0.310644
1 1 3 0.157061
1 2 0 0.207418
1 2 1 0.487442
1 2 2 0.286244
1 2 3 0.698773
1 3 0 0.445409
1 3 1 0.425518
1 3 2 0.0664869
1 3 3 0.285612
2 0 0 0.121043
2 0 1 0.258953
2 0 2 0.386439
2 0 3 0.0333104
2 1 0 0.242253
2 1 1 0.392207
2 1 2 0.0147393
2 1 3 0.314324
2 2 0 0.0723231
2 2 1 0.0821706
2 2 2 0.319965
2 2 3 0.0866562
2 3 0 0.248331
2 3 1 0.221135
2 3 2 0.709181
2 3 3 0.0376153
3 0 0 0.574128
3 0 1 0.0248004
3 0 2 0.351726
3 0 3 0.24785
3 1 0 0.503731
3 1 1 0.0542083
3 1 2 0.586686
3 1 3 0.389448
3 2 0 0.661072
3 2 1 0.303139
3 2 2 0.315473
3 2 3 0.0950244
3 3 0 0.11184
3 3 1 0.0495689
3 3 2 0.124666
3 3 3 0.426813
