0 0 0 0.0657476
0 0 1 0.241022
0 0 2 0.0164313
0 0 3 0.629129
0 1 0 0.154888
0 1 1 0.167438
0 1 2 0.415128
0 1 3 0.660666
0 2 0 0.157827
0 2 1 0.217686
0 2 2 0.0171325
0 2 3 0.0833281
0 3 0 0.493204
0 3 1 0.0874548
0 3 2 0.0390063
0 3 3 0.306269
1 0 0 0.0828995
1 0 1 0.384964
1 0 2 0.252372
1 0 3 0.138832
1 1 0 0.246444
1 1 1 0.251563
1 1 2 0.110257
1 1 3 0.0244702
1 2 0 0.474514
1 2 1 0.577431
1 2 2 0.506966
1 2 3 0.310982
1 3 0 0.198956
1 3 1 0.433207
1 3 2 0.0483195
1 3 3 0.127276
2 0 0 0.607567
2 0 1 0.302814
2 0 2 0.196093
2 0 3 0.183874
2 1 0 0.261986
2 1 1 0.243549
2 1 2 0.289681
2 1 3 0.155395
2 2 0 0.108286
2 2 1 0.194564
2 2 2 0.200711
2 2 3 0.262265
2 3 0 0.131102
2 3 1 0.122792
2 3 2 0.807457
2 3 3 0.491278
3 0 0 0.243786
3 0 1 0.0711996
3 0 2 0.535104
3 0 3 0.0481651
3 1 0 0.336682
3 1 1 0.33745
3 1 2 0.184934
3 1 3 0.159469
3 2 0 0.259373
3 2 1 0.0103189
3 2 2 0.275191
3 2 3 0.343425
3 3 0 0.176739
3 3 1 0.356546
3 3 2 0.105217
3 3 3 0.0751771
