0 0 0 0.369685
0 0 1 0.202839
0 0 2 0.124374
0 0 3 0.42548
0 1 0 0.109611
0 1 1 0
0 1 2 0.112211
0 1 3 0.225284
0 2 0 0
0 2 1 0.0656743
0 2 2 0
0 2 3 0.338828
0 3 0 0.210172
0 3 1 0.075889
0 3 2 0.192646
0 3 3 0.0255413
1 0 0 0.46999
1 0 1 0.273837
1 0 2 0.724003
1 0 3 0.286596
1 1 0 0.40614
1 1 1 0.262769
1 1 2 0
1 1 3 0.350675
1 2 0 0.246438
1 2 1 0.31147
1 2 2 0.534944
1 2 3 0.436333
1 3 0 0.0810376
1 3 1 0.155197
1 3 2 0.28786
1 3 3 0.274249
2 0 0 0
2 0 1 0.336894
2 0 2 0
2 0 3 0.142198
2 1 0 0.409496
2 1 1 0.241096
2 1 2 0.176231
2 1 3 0.0654668
2 2 0 0.487749
2 2 1 0.0623556
2 2 2 0
2 2 3 0.17627
2 3 0 0.399021
2 3 1 0.673213
2 3 2 0.14528
2 3 3 0.280444
3 0 0 0.160326
3 0 1 0.18643
3 0 2 0.151623
3 0 3 0.145727
3 1 0 0.074753
3 1 1 0.496135
3 1 2 0.711558
3 1 3 0.358574
3 2 0 0.265812
3 2 1 0.5605
3 2 2 0.465056
3 2 3 0.0485693
3 3 0 0.30977
3 3 1 0.0957015
3 3 2 0.374215
3 3 3 0.419766
