0 0 0 0.17407
0 0 1 0.0293009
0 0 2 0.068318
0 0 3 0.410442
0 1 0 0.151251
0 1 1 0.407992
0 1 2 0
0 1 3 0.417835
0 2 0 0.161015
0 2 1 0.286443
0 2 2 0
0 2 3 0.144954
0 3 0 0
0 3 1 0
0 3 2 0.0590026
0 3 3 0.302427
1 0 0 0.601125
1 0 1 0.290538
1 0 2 0.0204697
1 0 3 0.271758
1 1 0 0.322326
1 1 1 0.12565
1 1 2 0.167364
1 1 3 0.0493302
1 2 0 0.0208828
1 2 1 0.341947
1 2 2 0.70157
1 2 3 0.0589165
1 3 0 0.562789
1 3 1 0.311068
1 3 2 0.436671
1 3 3 0.224337
2 0 0 0.0740139
2 0 1 0.329119
2 0 2 0.71436
2 0 3 0.188183
2 1 0 0.121099
2 1 1 0.24481
2 1 2 0.773003
2 1 3 0.506717
2 2 0 0.248752
2 2 1 0.0952861
2 2 2 0.00422853
2 2 3 0.0913178
2 3 0 0.437211
2 3 1 0.120437
2 3 2 0.362711
2 3 3 0.370911
3 0 0 0.150791
3 0 1 0.351042
3 0 2 0.196852
3 0 3 0.129617
3 1 0 0.405325
3 1 1 0.221548
3 1 2 0.0596325
3 1 3 0.0261184
3 2 0 0.569351
3 2 1 0.276324
3 2 2 0.294201
3 2 3 0.704812
3 3 0 0
3 3 1 0.568494
3 3 2 0.141615
3 3 3 0.102326
