0 0 0 0.0857987
0 0 1 0.237183
0 0 2 0.0250615
0 0 3 0.305205
0 1 0 0.497438
0 1 1 0.172987
0 1 2 0.194459
0 1 3 0.114066
0 2 0 0.0858352
0 2 1 0.539131
0 2 2 0.358405
0 2 3 0.293178
0 3 0 0.0689689
0 3 1 0.0437396
0 3 2 0.00584296
0 3 3 0.566902
1 0 0 0.317688
1 0 1 0.245434
1 0 2 0.693548
1 0 3 0.516183
1 1 0 0.173496
1 1 1 0.463554
1 1 2 0.0779917
1 1 3 0.0213544
1 2 0 0.143883
1 2 1 0.152557
1 2 2 0.0300158
1 2 3 0.383981
1 3 0 0.146079
1 3 1 0.106183
1 3 2 0.0712514
1 3 3 0.155007
2 0 0 0.518862
2 0 1 0.13966
2 0 2 0.0306284
2 0 3 0.0148774
2 1 0 0.233607
2 1 1 0.142842
2 1 2 0.54947
2 1 3 0.518358
2 2 0 0.142995
2 2 1 0.202293
2 2 2 0.0195263
2 2 3 0.163946
2 3 0 0.759494
2 3 1 0.503234
2 3 2 0.520402
2 3 3 0.169609
3 0 0 0.0776516
3 0 1 0.377723
3 0 2 0.250762
3 0 3 0.163734
3 1 0 0.0954589
3 1 1 0.220617
3 1 2 0.17808
3 1 3 0.346221
3 2 0 0.627286
3 2 1 0.106019
3 2 2 0.592053
3 2 3 0.158895
3 3 0 0.0254578
3 3 1 0.346843
3 3 2 0.402503
3 3 3 0.108483
