0 0 0 0.266243
0 0 1 0.281505
0 0 2 0
0 0 3 0.278258
0 1 0 0.271552
0 1 1 0.46962
0 1 2 0.0327574
0 1 3 0.442753
0 2 0 0.370099
0 2 1 0.672627
0 2 2 0.833213
0 2 3 0.17272
0 3 0 0.124471
0 3 1 0.155901
0 3 2 0
0 3 3 0
1 0 0 0.336114
1 0 1 0
1 0 2 0.390476
1 0 3 0.133938
1 1 0 0
1 1 1 0.150905
1 1 2 0.467158
1 1 3 0.413163
1 2 0 0.41619
1 2 1 0
1 2 2 0
1 2 3 0.680475
1 3 0 0.678477
1 3 1 0.0217148
1 3 2 0.532476
1 3 3 0.710168
2 0 0 0.0891122
2 0 1 0.366102
2 0 2 0
2 0 3 0.587804
2 1 0 0.471922
2 1 1 0.136653
2 1 2 0.162255
2 1 3 0.0606457
2 2 0 0.128732
2 2 1 0.327373
2 2 2 0.0558041
2 2 3 0
2 3 0 0.0144699
2 3 1 0.121613
2 3 2 0.315442
2 3 3 0.284256
3 0 0 0.308531
3 0 1 0.352392
3 0 2 0.609524
3 0 3 0
3 1 0 0.256526
3 1 1 0.242822
3 1 2 0.33783
3 1 3 0.0834382
3 2 0 0.0849789
3 2 1 0
3 2 2 0.110982
3 2 3 0.146805
3 3 0 0.182583
3 3 1 0.700772
3 3 2 0.152082
3 3 3 0.00557593
