0 0 0 0.188631
0 0 1 0.0850669
0 0 2 0
0 0 3 0.340711
0 1 0 0.498381
0 1 1 0.218731
0 1 2 0.242634
0 1 3 0
0 2 0 0.0055737
0 2 1 0.503419
0 2 2 0.519691
0 2 3 0.232142
0 3 0 0.182065
0 3 1 0
0 3 2 0.0363075
0 3 3 0.494061
1 0 0 0.222197
1 0 1 0.461011
1 0 2 0.707047
1 0 3 0.463662
1 1 0 0.0711229
1 1 1 0.403199
1 1 2 0.250448
1 1 3 0
1 2 0 0.115736
1 2 1 0.153925
1 2 2 0
1 2 3 0.432541
1 3 0 0.0996707
1 3 1 0.093075
1 3 2 0.137767
1 3 3 0.144452
2 0 0 0.589173
2 0 1 0.0191688
2 0 2 0.05464
2 0 3 0
2 1 0 0.209843
2 1 1 0.23873
2 1 2 0.506918
2 1 3 0.496422
2 2 0 0.290383
2 2 1 0.053611
2 2 2 0.160078
2 2 3 0.00511029
2 3 0 0.61205
2 3 1 0.768805
2 3 2 0.347405
2 3 3 0.208602
3 0 0 0
3 0 1 0.434753
3 0 2 0.238313
3 0 3 0.195627
3 1 0 0.220653
3 1 1 0.13934
3 1 2 0
3 1 3 0.503578
3 2 0 0.588307
3 2 1 0.289045
3 2 2 0.320232
3 2 3 0.330207
3 3 0 0.106214
3 3 1 0.13812
3 3 2 0.478521
3 3 3 0.152884
