0 0 0 0.0894083
0 0 1 0.286923
0 0 2 0.349069
0 0 3 0.0763195
0 1 0 0.0574108
0 1 1 0.384545
0 1 2 0.212413
0 1 3 0.539127
0 2 0 0.286021
0 2 1 0.43652
0 2 2 0.27685
0 2 3 0.670232
0 3 0 0.424603
0 3 1 0.0849617
0 3 2 0.0868098
0 3 3 0.22033
1 0 0 0.357835
1 0 1 0.0838461
1 0 2 0.0668292
1 0 3 0.532143
1 1 0 0.210782
1 1 1 0.00415612
1 1 2 0.166222
1 1 3 0.0270826
1 2 0 0.0697716
1 2 1 0.204964
1 2 2 0.197815
1 2 3 0.14148
1 3 0 0.214091
1 3 1 0.0225332
1 3 2 0.0797172
1 3 3 0.345367
2 0 0 0.0698691
2 0 1 0.403266
2 0 2 0.278163
2 0 3 0.264188
2 1 0 0.36196
2 1 1 0.381655
2 1 2 0.445364
2 1 3 0.312645
2 2 0 0.642978
2 2 1 0.0537501
2 2 2 0.10216
2 2 3 0.101094
2 3 0 0.330161
2 3 1 0.605062
2 3 2 0.433214
2 3 3 0.197117
3 0 0 0.482888
3 0 1 0.225964
3 0 2 0.305939
3 0 3 0.12735
3 1 0 0.369847
3 1 1 0.229644
3 1 2 0.176001
3 1 3 0.121146
3 2 0 0.00122917
3 2 1 0.304766
3 2 2 0.423176
3 2 3 0.0871951
3 3 0 0.0311456
3 3 1 0.287443
3 3 2 0.400259
3 3 3 0.237185
