0 0 0 0.124866
0 0 1 0.128615
0 0 2 0.0800079
0 0 3 0
0 1 0 0.170041
0 1 1 0.00499266
0 1 2 0.0971707
0 1 3 0.132814
0 2 0 0.838409
0 2 1 0.111573
0 2 2 0.491382
0 2 3 0.522135
0 3 0 0.262918
0 3 1 0.868023
0 3 2 0.31422
0 3 3 0.382406
1 0 0 0.371821
1 0 1 0
1 0 2 0.169373
1 0 3 0.801562
1 1 0 0.115329
1 1 1 0.524729
1 1 2 0
1 1 3 0.205561
1 2 0 0
1 2 1 0.204088
1 2 2 0.383485
1 2 3 0
1 3 0 0.292587
1 3 1 0
1 3 2 0.544136
1 3 3 0
2 0 0 0.126722
2 0 1 0.738132
2 0 2 0.184327
2 0 3 0.198438
2 1 0 0.116651
2 1 1 0.00779753
2 1 2 0.20223
2 1 3 0.451453
2 2 0 0.0944748
2 2 1 0.499829
2 2 2 0.125133
2 2 3 0.395119
2 3 0 0.432332
2 3 1 0
2 3 2 0
2 3 3 0.305153
3 0 0 0.376591
3 0 1 0.133253
3 0 2 0.566293
3 0 3 0
3 1 0 0.597978
3 1 1 0.462481
3 1 2 0.700599
3 1 3 0.210172
3 2 0 0.0671159
3 2 1 0.18451
3 2 2 0
3 2 3 0.0827466
3 3 0 0.0121636
3 3 1 0.131977
3 3 2 0.141645
3 3 3 0.312441
