0 0 0 0.209901
0 0 1 0.300205
0 0 2 0.080832
0 0 3 0.0755144
0 1 0 0.354283
0 1 1 0.0046998
0 1 2 0.179619
0 1 3 0.319671
0 2 0 0.265146
0 2 1 0.216229
0 2 2 0.463379
0 2 3 0.173775
0 3 0 0.175507
0 3 1 0.240593
0 3 2 0.23978
0 3 3 0.453026
1 0 0 0.427751
1 0 1 0.388782
1 0 2 0.0525249
1 0 3 0.133371
1 1 0 0.53956
1 1 1 0.205106
1 1 2 0.687014
1 1 3 0.500409
1 2 0 0.0182374
1 2 1 0.213765
1 2 2 0.131958
1 2 3 0.172698
1 3 0 0.477153
1 3 1 0.405404
1 3 2 0.496746
1 3 3 0.205016
2 0 0 0.119612
2 0 1 0.0143769
2 0 2 0.0199165
2 0 3 0.704219
2 1 0 0.0947981
2 1 1 0.221659
2 1 2 0.12179
2 1 3 0.00573171
2 2 0 0.176909
2 2 1 0.556813
2 2 2 0.117856
2 2 3 0.0634703
2 3 0 0.0446876
2 3 1 0.200983
2 3 2 0.217234
2 3 3 0.270159
3 0 0 0.242736
3 0 1 0.296637
3 0 2 0.846727
3 0 3 0.0868964
3 1 0 0.0113584
3 1 1 0.568536
3 1 2 0.0115775
3 1 3 0.174188
3 2 0 0.539707
3 2 1 0.0131927
3 2 2 0.286808
3 2 3 0.590057
3 3 0 0.302653
3 3 1 0.15302
3 3 2 0.0462402
3 3 3 0.0717984
